0.0 0.0 0 0.0 0.0 0.0 0.0 1 0 0 0.6786839813572118 -0.023447758610305902
0.06786432942638573 -0.0007431399705021812 0 -0.006192833087518178 0.6786432942638573 -0.007431399705021812 -0.06192833087518177 1 0 0 0.7023724733146232 0.013577450445627748
0.13810157599755313 -0.0007328054629499973 0 -0.0024820074735453475 0.7023583573529963 0.004452990736767395 0.0371082561397283 1 0 0 0.7094015582575517 0.004499793906817873
0.2090417266764552 -0.0007598283623927834 0 -0.0012399159137768713 0.7093999924151148 0.0014905098717221711 0.01242091559768476 1 0 0 0.7083503616340626 0.004018807531543822
0.2798767484875665 -0.0007147363402854613 0 -0.00013223728263604987 0.7083491145023755 0.0013292143573689858 0.011076786311408213 1 0 0 0.708236622863507 0.002459190749648066
0.35070037421806066 -0.0006427777553801937 0 0.0005454636178793358 0.7082361559565074 0.0008132410806184628 0.006777009005153857 1 0 0 0.708029613551894 0.0014934280628927654
0.4215032808951972 -0.0005547849537196765 0 0.0009569001249867134 0.7080294414099213 0.000493723808528853 0.004114365071073775 1 0 0 0.7079257726475572 0.000747444098497918
0.49229579779590127 -0.00046233686051618304 0 0.001162789232867241 0.7079257295342309 0.0002470669294566329 0.0020588910788052746 1 0 0 0.7078679657449711 0.00022850471274837858
0.5630825373307687 -0.0003724741760296771 0 0.0012257274305602023 0.7078679617158637 7.55258372315536e-05 0.0006293819769296134 1 0 0 0.7078484365408292 -0.00012054039633124791
0.6338673325822088 -0.00028969528583723433 0 0.0011925273016258858 0.7078484354196585 -3.9840154721179694e-05 -0.0003320012893431641 1 0 0 0.7078538918910207 -0.0003378134607433525
0.7046526838729107 -0.00021644704640060573 0 0.0010994834965512821 0.7078538830853224 -0.00011165256608952448 -0.000930438050746037 1 0 0 0.7078753328177221 -0.00045743065002612493
0.7754401893771672 -0.00015373657784068195 0 0.0009734897654901957 0.7078753166714006 -0.00015119247727330372 -0.0012599373106108643 1 0 0 0.7079057757596295 -0.0005069295019984876
0.8462307477384021 -0.00010157871153519479 0 0.0008338561689709539 0.7079057559289821 -0.00016756031582309012 -0.0013963359651924176 1 0 0 0.7079402052370944 -0.0005083149637300499
0.9170247556669726 -5.934932722108271e-05 0 0.0006938341376067519 0.7079401852969329 -0.00016802643763704238 -0.0014002203136420197 1 0 0 0.7079751364900364 -0.00047863916440493703
0.9878222614849063 -2.6050070457354303e-05 0 0.0005619801900721951 0.7079751188092829 -0.0001582247370414682 -0.0013185394753455681 1 0 0 0.7080082924333384 -0.0004307514980661509
1.0586230861186283 -5.01515584266701e-07 0 0.000443312623806528 0.7080082781128368 -0.00014240107951880054 -0.0011866756626566712 2 1 1 0.699522336278064 0.32585614849586286
1.1237775205657405 -0.02559150915258382 0 -0.21305576158194908 0.6514308322846952 -0.2561988890469067 -2.134990742057556 2 1 1 0.7407891633431611 1.145667749228828
1.1820304132875072 -0.06440646103386699 0 -0.4265548357877047 0.6514308322846952 -0.2561988890469067 -2.134990742057556 2 1 1 0.7615224433599397 1.5333559034792192
1.2337074855007109 -0.003377744297269676 0 0.21462048937653755 0.21796801912484948 0.7694103901970908 6.4117532516424225 2 1 1 0.548164412662559 -0.18862423455657362
1.2880912805466147 0.003495760594851436 0 0.17406490714377326 0.5459997946422186 -0.04866669867931713 -0.4055558223276428 2 1 1 0.6797592330714851 0.570603321940063
1.3488426016650297 0.033991713307081305 0 0.33667966970745733 0.6511481299218229 0.19513771507642086 1.6261476256368408 2 1 1 0.7125511055768556 0.3331858115374857
1.411480704539631 0.06795873921249217 0 0.43140630444935263 0.7034257339508444 0.11367196169027435 0.947266347418953 2 1 1 0.6909668804205847 0.26980707651068236
1.470029674190657 0.10465166020802985 0 0.5051470579035672 0.6852772750364348 0.08848890414505745 0.7374075345421455 2 1 1 0.680438564897077 0.22913732843807177
1.5256601186723169 0.14383354445017543 0 0.5665355121292345 0.6764391618391128 0.07366614507080076 0.613884542256673 2 1 1 0.6750900958580733 0.21095839435803898
1.5787343169481787 0.1855539933047975 0 0.6225081098625511 0.6717404378790666 0.06716711727997998 0.5597259773331665 2 1 1 0.6736754239144415 0.20523381551869113
1.6294082072915939 0.2299447874554607 0 0.6768185017539337 0.6705155672355808 0.06517247026965906 0.5431039189138256 2 1 1 0.6739211430153771 0.20589590843271333
1.6776002105023728 0.27705346920908014 0 0.7313273237474592 0.6707392654310442 0.06541058639223073 0.5450882199352561 2 1 1 0.6746803527738827 0.2098580255309107
1.7231101526241948 0.32686090793322387 0 0.7869683527935438 0.671368339807537 0.06676923485530145 0.5564102904608454 2 1 1 0.6754337773175981 0.21537651329373553
1.7656875782055166 0.3792943963378894 0 0.8441666069046532 0.6719372184571127 0.06863790493333122 0.5719825411110935 2 1 1 0.6759559596110509 0.22142542165516232
1.8050675344782363 0.4342342146602652 0 0.9030518892588947 0.6722524029004767 0.07066233882508985 0.5888528235424153 2 1 1 0.6761743819520812 0.22740337606532846
1.8409914283214956 0.49151939423771807 0 0.9635831665989347 0.6722615440703408 0.072637532808048 0.6053127734004 2 1 1 0.6760965585500757 0.23297102877944487
1.873219424498098 0.5509535748686771 0 1.0256252720055465 0.6719848775001751 0.07445052648793407 0.6204210540661173 2 1 1 0.6757696328350242 0.23795417355266335
1.901537559232201 0.6123109640879149 0 1.0889974117646815 0.6714771151732317 0.07604656771096197 0.6337213975913497 2 1 1 0.6752576078046776 0.2422830459585168
1.9257613897514338 0.6753421817816613 0 1.153503860464505 0.6708061410927401 0.07740773843978821 0.645064486998235 2 1 1 0.6746286165210398 0.24595313238737715
1.945737327994613 0.7397797453109849 0 1.2189529844271043 0.6700413448120444 0.07853894875511933 0.6544912396259943 2 1 1 0.6739479662094126 0.2489993478947421
1.9613424381072444 0.8053429907305848 0 1.285168460572697 0.6692474853093536 0.07945857137471124 0.6621547614559271 2 1 1 0.6732744711519896 0.25147880539584877
1.9724832596834803 0.8717422921550455 0 1.3519952305239247 0.668481665240526 0.08019212394147321 0.6682676995122767 2 1 1 0.672658620663603 0.2534592592830953
1.979094079509481 0.9386825137020255 0 1.4193019063867915 0.6677919948205728 0.0807680110354403 0.6730667586286692 2 1 1 0.6721417509189714 0.2550113987683231
1.981134976178494 1.0058656966726962 0 1.4869808157170414 0.6672171365172738 0.08121469119629993 0.6767890933024994 2 2 0 0.7498185354449473 0.016769403955735784
1.9868269811991897 1.0806311929916028 0 1.4918737352337021 0.7497955464954394 0.005871503419992889 0.0489291951666074 2 2 0 0.7237965856006054 0.0526149464204031
1.9907579801895432 1.1529040248180145 0 1.506701042696402 0.723577856695463 0.017792768955239957 0.14827307462699965 2 2 0 0.724283547868342 0.04394329624233417
1.9939124450679038 1.225263653952351 0 1.5190906139925964 0.7241309381500087 0.014867485555433215 0.12389571296194345 2 2 0 0.7206563239599887 0.040263231479759076
1.9962828191297657 1.2972902927705139 0 1.5303849748689857 0.7205288662762731 0.013553233051667102 0.1129436087638925 2 2 0 0.7180556774102376 0.034627160518103106
1.9980230701394779 1.3690747694004508 0 1.5400623750670288 0.7179617656070978 0.011612880237651644 0.09677400198043033 2 2 0 0.715715473569878 0.029009838724300963
1.999253004547102 1.4406357479601832 0 1.5481428072703847 0.7156497863016105 0.009696518644027105 0.08080432203355921 2 2 0 0.7137727828299901 0.023609021201418834
2.000082978692108 1.5120082006153028 0 1.5547006220572934 0.7137294013859775 0.007869377744290572 0.06557814786908811 2 2 0 0.7121821104886392 0.018708511791120097
2.0006070983892004 1.58322448304807 0 1.5598854133431193 0.7121549328149576 0.006221749542991103 0.0518479128582592 2 2 0 0.7109141087701915 0.014424437296461035
2.0009039327698575 1.6543152742227054 0 1.5638756914057643 0.7108979827718819 0.0047883336751740274 0.03990278062645023 2 2 0 0.7099284878845206 0.010797476894629177
2.001037318224439 1.7253079977049084 0 1.5668584295077839 0.7099194648857848 0.003579285722423478 0.029827381020195647 2 2 0 0.709183910707856 0.007812230193590786
2.0010578920262807 1.7962263857914094 0 1.5690142208740925 0.7091791923755594 0.002586949639570286 0.02155791366308572 2 2 0 0.708639675212024 0.005419945044620622
2.0010048413449644 1.867090333455022 0 1.5705087007985234 0.7086374059329995 0.001793375909317041 0.014944799244308676 2 2 0 0.7082577528731093 0.0035534004231766447
